0.00133422	1.23433e-47	0.136674
1.24636e-47	1.23433e-47	0.13
1.24636e-47	1.23433e-47	0.16
1.24636e-47	1.23433e-47	0.15
1.24636e-47	1.23433e-47	0.24
1.24636e-47	1.23433e-47	1
1.24636e-47	1.23433e-47	1
1.24636e-47	1.23433e-47	1
1.24636e-47	1.23433e-47	1
1.24636e-47	1.23433e-47	1
1.24636e-47	1.23433e-47	1
0.00133422	1.23433e-47	0.2
0.00133422	1.23433e-47	1
0.00133422	1.23433e-47	0.16
0.00133422	1.23433e-47	1
0.00133422	1.23433e-47	0.08
0.00133422	1.23433e-47	0.17
0.00133422	1.23433e-47	0
0.00133422	1.91791e-76	0.06	0	25
1.23433e-47	1.91791e-76	0.2	0	0
1.23433e-47	1.91791e-76	0.19	0	0
1.23433e-47	1.91791e-76	0.0666667	0	0
0.00133422	1.91791e-76	0	0	0
0.00133422	1.91791e-76	0	0	0
0.2	1.91791e-76	0	0	0
0.2	1.91791e-76	0.08	0	0
1.23433e-47	1.91791e-76	0	0	0
1.23433e-47	1.91791e-76	1	18.2322	-18.4964
1.23433e-47	1.91791e-76	0.1	-2.72349	-2.8607
1.23433e-47	1.91791e-76	0.1	-2.72349	-2.8607
1.23433e-47	1.91791e-76	1	-0.175785	0
1.23433e-47	1.91791e-76	0	0	0
1.23433e-47	1.91791e-76	0	0	0
1.23433e-47	1.91791e-76	0.8	0	0
1.23433e-47	1.91791e-76	1	0	0
1.23433e-47	1.91791e-76	1	-0.175785	0
1.23433e-47	1.91791e-76	0	0	0
1.23433e-47	1.91791e-76	1	-0.175785	0
1.23433e-47	1.91791e-76	0	0	0
1.23433e-47	1.91791e-76	1	-0.292975	0
1.23433e-47	1.91791e-76	0	0	0
1.23433e-47	1.91791e-76	1	-0.292975	0
1.23433e-47	1.91791e-76	0	0	0
1.23433e-47	1.91791e-76	1	-0.292975	0
1.23433e-47	1.91791e-76	1	-0.292975	0
1.23433e-47	1.91791e-76	0	0	0
1.23433e-47	1.91791e-76	1	-0.292975	0
1.23433e-47	1.91791e-76	0	0	0
1.23433e-47	1.91791e-76	1	-0.292975	0
1.23433e-47	1.91791e-76	0	0	0
1.23433e-47	1.91791e-76	1	-0.292975	1.97
1.23433e-47	1.91791e-76	1	-0.292975	1.97
1.23433e-47	1.91791e-76	1	-0.292975	1.97
1.23433e-47	1.91791e-76	0	0	0
1.23433e-47	1.91791e-76	1	-0.292975	1.97
1.23433e-47	1.91791e-76	1	-0.292975	1.97
1.23433e-47	1.91791e-76	1	-0.292975	1.97
1.23433e-47	1.91791e-76	1	-0.292975	1.97
1.23433e-47	1.91791e-76	1	-0.292975	1.97
1.23433e-47	1.91791e-76	1	-0.292975	1.97
1.23433e-47	1.91791e-76	1	-0.292975	1.97
1.23433e-47	1.91791e-76	1	-0.292975	1.97
1.23433e-47	1.91791e-76	1	-0.292975	1.97
1.23433e-47	1.91791e-76	1	-0.292975	1.97
1.23433e-47	1.91791e-76	1	-0.292975	1.97
1.23433e-47	1.91791e-76	0	0	0
1.23433e-47	1.91791e-76	1	-0.292975	1.97
1.23433e-47	1.91791e-76	1	-0.292975	1.97
1.23433e-47	1.91791e-76	1	-0.292975	1.97
1.23433e-47	1.91791e-76	1	-0.292975	1.97
1.23433e-47	1.91791e-76	1	-0.292975	1.97
1.23433e-47	1.91791e-76	1	-0.292975	1.97
1.23433e-47	1.91791e-76	0	4.46236	1.97
1.23433e-47	1.91791e-76	0	4.46236	1.97
1.23433e-47	1.91791e-76	0	4.46236	1.97
1.23433e-47	1.91791e-76	0	4.46236	1.97
1.23433e-47	1.91791e-76	1	1.72459	1.97
1.23433e-47	1.91791e-76	0	0	0
1.23433e-47	1.91791e-76	1	4.30548	1.97
1.23433e-47	1.91791e-76	0	0	0
1.23433e-47	1.91791e-76	0	0.624638	1.97
1.23433e-47	1.91791e-76	0	0.624638	1.97
1.23433e-47	1.91791e-76	1	0.624638	1.97
1.23433e-47	1.91791e-76	0	0	0
1.23433e-47	1.91791e-76	1	0.624638	1.97
1.23433e-47	1.91791e-76	0	0	0
1.23433e-47	1.91791e-76	1	0.624638	1.97
1.23433e-47	1.91791e-76	0	0	0
1.23433e-47	1.91791e-76	1	0.624638	1.97
1.23433e-47	1.91791e-76	0	0	0
1.23433e-47	1.91791e-76	1	0.624638	1.97
1.23433e-47	1.91791e-76	0	0	0
1.23433e-47	1.91791e-76	1	0.624638	1.97
1.23433e-47	1.91791e-76	0	0	0
1.23433e-47	1.91791e-76	1	0.624638	1.97
1.23433e-47	1.91791e-76	0	0	0
1.23433e-47	1.91791e-76	1	0.159558	1.97
1.23433e-47	1.91791e-76	0	0	0
1.23433e-47	1.91791e-76	1	0.159558	1.97
1.23433e-47	1.91791e-76	0	0	0
1.23433e-47	1.91791e-76	1	0.159558	1.97
1.23433e-47	1.91791e-76	0	0	0
1.23433e-47	1.91791e-76	1	0.159558	1.97
1.23433e-47	1.91791e-76	1	0.159558	1.97
1.23433e-47	1.91791e-76	1	0.159558	1.97
1.23433e-47	1.91791e-76	1	0.159558	1.97
1.23433e-47	1.91791e-76	1	0.159558	1.97
1.23433e-47	1.91791e-76	1	0.159558	1.97
1.23433e-47	1.91791e-76	1	0.159558	1.97
1.23433e-47	1.91791e-76	0	0	0
1.23433e-47	1.91791e-76	1	0.159558	1.97
1.23433e-47	1.91791e-76	0	0	0
1.23433e-47	1.91791e-76	1	0.159558	1.97
1.23433e-47	1.91791e-76	0	0	0
1.23433e-47	1.91791e-76	1	0.159558	1.97
1.23433e-47	1.91791e-76	0	0	0
1.23433e-47	1.91791e-76	1	0.159558	1.97
1.23433e-47	1.91791e-76	0	0	0
1.23433e-47	1.91791e-76	1	0.159558	1.97
1.23433e-47	1.91791e-76	0	0	0
1.23433e-47	1.91791e-76	0	0	0
1.23433e-47	1.91791e-76	0	0	0
1.23433e-47	1.91791e-76	0	0	0
1.23433e-47	1.91791e-76	0	0	0
1.23433e-47	1.91791e-76	0	0	0
1.23433e-47	1.91791e-76	0	0	0
1.23433e-47	1.91791e-76	0	0	0
1.23433e-47	1.91791e-76	0	0	0
1.23433e-47	1.91791e-76	0	0	0
1.23433e-47	1.91791e-76	1	-18.0276	20.9934
1.23433e-47	1.91791e-76	1	12.1812	19.8002
1.23433e-47	1.91791e-76	1	-12.6218	11.9259
1.23433e-47	1.91791e-76	1	6.68707	-15.7844
1.23433e-47	1.91791e-76	1	8.06603	-14.6428
1.23433e-47	1.91791e-76	1	10.2995	27.9413
1.23433e-47	1.91791e-76	1	8.10777	-7.95785
1.23433e-47	1.91791e-76	1	-28.4	-21.404
1.23433e-47	1.91791e-76	1	19.8074	-0.0179636
1.23433e-47	1.91791e-76	1	15.0214	1.06822
1.23433e-47	1.91791e-76	1	9.79653	-7.51916
1.23433e-47	1.91791e-76	0	0	0
1.23433e-47	1.91791e-76	1	-18.0276	20.9934
1.23433e-47	1.91791e-76	1	12.1812	19.8002
1.23433e-47	1.91791e-76	1	-12.6218	11.9259
1.23433e-47	1.91791e-76	1	6.68707	-15.7844
1.23433e-47	1.91791e-76	1	8.06603	-14.6428
1.23433e-47	1.91791e-76	1	10.2995	27.9413
1.23433e-47	1.91791e-76	1	8.10777	-7.95785
1.23433e-47	1.91791e-76	1	-28.4	-21.404
1.23433e-47	1.91791e-76	1	19.8074	-0.0179636
1.23433e-47	1.91791e-76	0	0	0
1.23433e-47	1.91791e-76	1	-18.0276	20.9934
1.23433e-47	1.91791e-76	1	-1.35476	9.40559
1.23433e-47	1.91791e-76	0	-14.5073	12.1509
1.23433e-47	1.91791e-76	0	0	0
1.23433e-47	1.91791e-76	0	0.000797789	-2.08527
1.23433e-47	1.91791e-76	0	0	0
1.23433e-47	1.91791e-76	0	0.000797789	-2.08527
